2140
2949
397
3161
3033
2835
3211
4058
2423
621
1670
897
4446
3232
2533
402
2809
3831
4326
499
2068
23
138
3720
1461
2788
2538
4542
2158
2698
1093
876
1895
3031
3881
1413
2152
4996
4651
4593
4355
3413
4655
4433
4687
4228
678
4319
2026
4370
4125
4227
1287
3874
509
4966
2997
4561
2041
4441
3358
531
863
3292
1448
4148
695
3147
2012
2328
1217
2851
552
284
2657
4970
757
4753
1800
2716
2695
4613
2702
3120
441
3141
1197
4469
4516
4930
3441
85
2762
1908
4351
1422
2727
1510
1842
2670
3612
442
1145
3581
3712
4138
3543
4341
4531
4808
3634
3777
249
5045
4999
4530
5072
796
537
4462
469
4356
855
5091
2897
1801
364
3925
3998
2577
3488
3727
1392
1224
3953
1515
3192
260
84
170
3131
5108
433
4766
1482
4844
871
4819
4608
1374
5097
349
3849
3217
2123
3252
1964
660
4028
993
1897
709
2075
3804
4091
4486
547
3703
4365
2748
220
5039
4707
3844
1414
3669
3823
931
1541
444
3976
4783
731
1666
2663
2739
3552
2757
2199
1890
5078
4848
3128
2865
598
1341
3891
4474
3948
2216
2407
4174
3659
5083
3857
4926
3295
3968
4831
4630
523
3632
5130
2370
3888
4451
3863
3426
3333
2358
3861
4750
1113
3937
4875
4694
3345
1066
5120
2521
3201
407
1953
2285
5040
1675
1082
1500
497
1860
2373
4976
3235
2710
3511
1537
1244
5125
3191
4292
5074
3536
3692
5043
3566
4170
4448
1791
1970
998
109
3620
627
1379
2264
2898
2936
3189
2344
340
5110
878
2300
2235
3873
953
1061
3050
4280
5129
2363
4153
3385
3396
1854
3204
3186
3764
4455
2129
4945
2303
2883
3198
206
3159
2228
3277
1068
4357
4428
2073
2623
2384
4588
3487
4805
1226
2221
3851
1198
857
686
5077
4211
1936
3531
4060
2447
4938
4449
3227
2825
223
4150
5008
2886
2906
1980
3971
228
1933
3012
3026
1071
1394
4031
3709
2223
4506
2816
3945
3282
4708
2854
4299
4022
57
883
3913
3261
3389
1887
1331
673
3020
1803
2418
2157
1655
3187
683
581
3809
3075
1508
4090
4677
956
3179
4874
58
548
4894
3162
4420
4502
3771
1855
2191
3926
3320
1584
3256
1424
983
4133
1945
4886
1031
3437
631
4331
3436
259
1607
3815
4251
925
3230
4236
963
4514
644
4678
1325
3719
1989
2984
69
5065
1699
798
190
351
1985
2366
4975
4181
390
2015
603
2700
2802
1837
4695
254
508
2929
1347
3155
2909
412
276
985
2145
2016
3557
1035
4670
874
4147
3148
2939
4858
2978
3224
3599
2873
3740
4332
4159
3935
1662
3089
2979
2612
1077
4852
3263
4359
1190
4567
3241
4027
4893
4190
4785
553
3637
243
3021
2647
2421
4325
3457
4106
3700
1
2590
2245
4668
391
2211
3872
3347
930
1856
1364
4907
1270
4560
2811
507
4700
4461
4730
258
2912
4139
3729
2287
4040
4222
204
1680
5011
1529
3298
2991
2174
2817
4320
1236
3553
3249
1611
3601
3269
3403
4431
4600
4094
3149
3359
2256
4652
2381
2030
2712
4149
4052
341
3532
4580
1559
3882
3060
1600
1335
2726
4143
470
4680
873
1444
2222
291
3194
1131
4640
3348
1651
4952
2162
4271
4416
3549
4487
554
4954
3476
1388
4059
1928
3878
2849
4191
1720
3695
2220
1804
5124
283
3135
3080
4962
4791
1914
3446
2994
1839
4095
1049
972
1056
1406
2944
1242
1940
3355
1445
1481
3070
5076
32
4529
4602
2758
4583
4363
4590
1274
4828
3917
2118
4824
1763
2774
2870
5036
3738
3517
74
1133
4080
4615
3102
4494
2424
864
1992
3016
3303
2903
4643
2475
4721
55
2471
992
4366
3134
2666
3652
3940
3229
585
2115
1328
794
3343
3638
4746
4900
4479
3718
4809
297
4796
2913
815
1456
2603
1530
1937
1915
3065
1602
2433
1206
4209
4336
4551
124
4405
1212
3876
947
3611
502
2390
4116
1802
2640
2290
4466
4917
846
3096
4151
2724
3257
3374
3391
4387
3717
3901
3184
1146
1015
3957
3003
3361
2398
4793
4186
4572
2653
3301
4526
920
3666
4016
1687
4558
1765
4277
3743
4538
4810
1485
4779
898
2309
2200
1211
4644
3044
1205
5087
4089
46
5088
3735
4731
4242
2664
2279
12
1284
4300
2832
4008
3560
4798
4172
4971
725
4711
3180
4832
3688
3906
4795
1135
934
2083
1618
2535
3663
869
4786
1086
4056
1875
4547
4140
3195
2442
4936
3540
224
5119
4303
2205
3480
3651
670
106
388
2775
3083
3278
2225
3658
4061
2955
2315
566
3145
1583
1569
3803
3699
484
3693
1425
1423
2744
4799
4835
4429
4367
4712
4911
928
1811
2969
4122
3477
3243
2905
2019
248
2874
4048
3541
1570
3357
4314
4097
346
2428
659
5015
3036
1843
2067
4208
4647
1421
1282
4559
3723
3868
4323
895
2971
1480
4269
1770
4371
148
252
2848
2852
3654
1960
4942
1148
56
1633
3384
2674
4334
1962
3516
1979
1861
1474
5062
3464
4268
369
3171
1535
2323
4991
5068
3300
312
615
890
1294
1789
2745
1840
1798
4563
2091
4475
3193
4876
426
4752
4039
2767
4179
4384
3323
3912
4230
2973
5073
4637
4660
1095
5026
2383
1213
3040
281
4415
1458
4128
168
136
2855
4453
2011
4683
257
2920
4011
4777
2419
1849
1126
1876
3629
410
2389
4656
2610
460
2394
613
4836
2637
3086
4201
3641
3775
3114
655
4944
2799
3304
861
482
4717
4628
2204
3499
5024
4171
2193
4445
4342
4199
512
3973
4379
3518
4617
288
5020
2179
3522
4007
5122
4086
891
3341
3571
416
1420
4066
332
2735
624
3842
1649
3373
4607
4592
3273
3975
4862
4898
3170
2853
5118
803
1757
4198
2055
2790
3766
1971
417
2071
817
3597
1577
721
452
4833
2864
4447
3544
4973
3398
3510
277
968
4229
1834
4454
2759
4072
2078
3776
4076
2891
2217
5025
3527
2804
4463
1877
366
3705
299
4826
94
4206
4270
1454
4369
3188
4664
2166
3887
3165