1989
582
520
1589
152
1758
1585
1249
14
416
1985
2076
1457
43
957
1795
1738
611
2196
1081
896
448
201
1008
1403
161
397
345
1612
568
291
2014
2126
1677
1745
1373
688
310
511
1699
1755
134
743
1007
2037
1963
585
689
566
2039
1325
42
1823
951
1766
2026
1664
473
1372
1498
784
165
371
581
1638
137
343
994
1395
693
1437
2179
772
1132
327
574
562
683
1549
1846
717
901
662
4
1316
2080
1170
1782
835
1918
1832
1701
1653
1125
1435
406
488
971
645
2151
1212
1943
109
2164
463
119
1557
254
748
1089
962
1792
330
1908
1685
961
1199
1853
2207
308
691
1495
347
2027
830
1504
1519
936
1297
324
525
1628
136
781
888
2023
2003
1910
712
552
1614
990
15
1190
614
131
2256
1046
1098
1944
2145
224
410
1599
1668
220
482
1426
2209
2265
637
1150
1986
1662
2267
114
590
2094
1762
1286
2072
831
636
1931
949
1587
892
1927
2098
122
260
1420
1011
498
1119
1423
671
2225
1099
1258
1197
1362
2018
524
987
1
1602
2205
1620
1142
1514
1273
915
612
1831
773
806
268
663
1465
972
1650
708
1820
1582
2079
1017
1733
278
941
1688
162
513
2086
248
2053
1242
2092
1076
1581
240
1334
1480
813
1625
648
1327
1801
266
2269
1305
146
1059
1666
1189
1053
1966
1359
2001
1550
855
1850
963
204
1336
1561
1563
1546
1538
1115
1880
451
1553
1717
1711
1347
1661
1889
456
1951
311
1275
1808
1598
172
625
633
439
1950
123
1402
608
686
1580
653
1613
1868
1591
1705
285
357
1964
1813
2238
1460
1198
1778
393
539
1784
1847
1501
853
2156
956
2063
2183
1048
1935
906
1932
1287
1913
1630
111
749
1489
49
1201
569
396
326
2276
1996
1734
1912
1524
40
2166
318
735
871
1240
62
247
2271
2176
1980
1033
501
952
1565
2074
528
293
1447
244
934
336
1225
1529
1723
2064
807
1835
2061
1413
1040
1376
820
1114
1911
1619
869
1254
1702
550
940
274
1156
1361
1981
700
139
1487
640
763
1651
880
1294
1718
2231
943
1255
2062
997
2167
2131
1292
413
1509
1824
1606
1679
230
675
955
1632
1742
350
1234
1440
796
1080
1227
1556
1082
1128
1375
1749
903
1377
1611
1569
1109
1383
1280
1720
1360
1647
2261
2274
2058
1897
425
1961
2277
1520
236
108
2233
897
1860
655
1730
876
126
674
1474
1436
1215
258
138
1424
358
2100
799
1869
2259
898
1222
75
2109
1399
1283
543
1481
1038
495
110
235
252
1470
2252
1817
1143
2191
2266
1866
333
303
2010
1601
265
583
428
2165
253
946
2155
420
518
1809
1588
1429
1622
242
382
1005
46
953
1239
312
1608
1096
1845
1071
1744
1842
1926
1783
59
213
1453
2091
1643
666
307
1102
982
1217
504
1967
1382
1381
2030
1006
1131
58
31
960
738
1351
759
1814
1177
1726
554
1154
147
1314
140
1124
630
1740
2239
478
1904
931
948
1171
704
1956
770
1224
2034
437
1937
298
1578
1095
130
1168
1228
2223
391
905
339
1485
1698
67
1216
1002
487
212
710
190
442
864
1459
2244
2117
2178
1064
2204
1942
1649
921
282
555
516
467
1090
2068
1872
1921
1191
984
375
795
2017
589
98
2222
1531
730
1387
1449
530
2260
18
1176
2242
1772
1467
2083
933
1871
1244
732
2162
696
1455
1737
11
845
1933
2019
1492
154
6
179
808
2096
682
1896
558
1111
750
279
1148
1517
210
840
522
2127
28
1797
1123
564
320
1696
1104
376
384
1490
1472
1335
1147
2134
2049
2139
578
56
545
1786
1994
259
76
1321
790
329
1112
1794
1157
1627
2230
1812
809
1274
950
976
1969
760
1560
1380
1785
926
2148
300
993
1488
1363
1974
1958
1621
1389
1073
272
844
2189
980
2114
1452
761
202
541
1692
9
694
403
1700
1796
999
1728
932
1302
1887
858
1855
269
450
1624
454
805
1754
727
2255
1852
1140
74
1682
580
1751
292
692
652
1940
171
973
2188
409
243
491
1118
2
1018
786
1049
21
367
489
24
521
1626
673
725
346
1849
1352
262
1945
945
1505
705
2118
100
672
314
38
890
1050
927
466
1019
484
155
846
178
1830
1092
1691
341
942
13
752
2173
1787
1083
1419
766
2009
1906
1756
1870
646
149
1877
1014
925
861
1178
1721
20
2057
1789
816
775
1960
2201
363
2138
103
1583
1468
1811
602
1631
1301
660
2066
1973
1659
1923
728
1593
2106
792
1267
1430
1368
2152
77
219
757
1834
1079
1993
2228
914
89
1819
2171
419
1300
754
185
373
2268
508
985
377
551
1694
935
824
729
432
1919
1084
1152
1873
26
658
2143
206
1072
2129
1233
1063
1367
197
2113
335
1706
1763
1404
12
2237
703
833
866
408
2210
1941
2154
398
669
1262
251
1930
485
47
1479
780
1346
1042
1272
340
1183
1271
2055
1371
944
1900
1421
959
2224
422
337
1134
900
1433
1663
969
967
223
1903
1461
2202
1284
226
2258
854
1101
2257
106
698
1097
839
1566
275
2282
2108
168
747
1695
741
817
2075
2186
7
1477
1729
217
1220
1508
2097
731
1525
394
2240
96
2024
2200
989
1890
1984
814
1634
222
884
1188
449
1920
2056
1181
64
1596
2275
1186
1471
129
1633
1775
1078
1194
1544
1444
958
401
791
1120
1354
1259
677
387
1977
1507
639
434
1185
1976
93
1478
1815
771
782
1328
1554
2199
261
1350
2115
1155
917
1771
1253
1503
1106
80
1576
2184
2245
2262
1299
811
173
2006
1163
2193
392
436
2089
638
2214
1085
1475
195
1202
591
1938
1319
526
2195
342
151
1396
1686
2203
1473
765
1657
1289
1735
559
1469
1193
50
2119
2248
1767
1791
1241
644
2005
1515
553
1035
1213
17
395
1757
1604
1874
435
1764
174
679
801
2102
1953
974
1637
1597
777
923
1884
561
1594
850
2140
1798
842
264
841
453
1579
1822
1667
609
328
597
1648
1293
35
381
2279
1567
1497
1654
2042
477
273
1675
159
911
1269
86
1800
234
188
502
493
44
1781
1425
744
1804
1539
592
751
2095
267
1235
1030
1670
1747
1317
2085
2147
764
1200
2130
225
899
986
713
680
475
104
1009
2217
548
1636
1983
115
1922
1219
388
995
2048
1867
547
150
1410
2144
1641
2270
1270
848
1639
372
1512
10
626
610
355
812
1093
255
707
1055
306
1438
1135
141
486
2038
2185
515
238
1463
446
1858
576
1031
83
1332
1024
1341
366
143
1829
1187
2105
734
325
2170
1415
2011
1054
767
2082
443
1182
1533
1369
1393
1886
483
1684
334
2278
208
1999
1374
148
1610
1697
1004
514
1564
1462
184
965
1802
1891
774
865
1527
937
412
121
1349
1806
82
1209
399
556
2123
1146
479
1450
99
2112
166
523
1144
216
1752
97
826
883
270
769
723
753
1982
1642
2088
1401
1065
500
344
1939
1568
788
361
2264
2124
1535
468
991
1343
2060
1558
257
837
1929
740
557
1164
1491
1138
1051
768
431
836
1724
643
2227
613
879
736
170
1282
604
715
55
383
91
992
144
1708
1552
695
2218
755
414
186
798
907
2137
1854
402
979
25
1107
5
380
263
1196
338
280
145
1464
1898
1409
1859
1165
30
1313
1731
510
2206
176
457
1279
1044
2234
214
571
506
1012
654
296
531
1291
1091
1454
2226
1952
1023
970
721
1034
1268
1067
322
1309
702
1263
722
2013
1456
1644
167
919
1180
726
125
1077
181
810
294
893
886
2172
1770
1353
1110
882
1088
823
818
1320
469
779
847
1901
1290
615
699
1295
415
1605
1885
1551
849
0
1344
277
873
829
492
1458
362
690
542
2272
1523
1570
1987
1665
794
1722
598
538
71
37
1997